5.277747170683768640e-01
4.859408287523445114e-01
4.364815540779703462e-01
3.173424235674791039e-01
3.146518540174438328e-01
3.281457541775014142e-01
3.533887364299027611e-01
3.880242413050387640e-01
4.182795552240070602e-01
4.628969661252219647e-01
4.659450298194842133e-01
4.504543203166435084e-01
4.477966763696866193e-01
4.512085093768511412e-01
4.692726626133090218e-01
5.376652850783848470e-01
6.367937056274753926e-01
7.034171837111169445e-01
7.381642707974290785e-01
7.856036803703391191e-01
7.939431151290778921e-01
8.262477848048853657e-01
9.839834073032869277e-01
1.107958936845538478e+00
1.234357522359014636e+00
1.556491978609625626e+00
1.715125670032334293e+00
1.843244853085614032e+00
2.074701674052425560e+00
2.226189837625765389e+00
2.378353279224725725e+00
2.727220321565973826e+00
2.772629830749442359e+00
3.087438071434788878e+00
3.391995880318573242e+00
3.954196524624838283e+00
4.176438583060085641e+00
4.636152155428278299e+00
5.378647472359514126e+00
6.100962640789301616e+00
6.362700174088428362e+00
7.204788820523516435e+00
7.976687820311199495e+00
8.765361194273028289e+00
9.477714310918996077e+00
1.026125948379459452e+01
1.190711385505311704e+01
1.256223306217014368e+01
1.263266431242829313e+01
1.775871763669170278e+01
2.009717487185600149e+01
2.419182504253246435e+01
3.284311689369413045e+01
4.840565402737266965e+01
