1.964861272761404098e+00
1.362893938151095163e+00
7.117682799266891180e-01
6.892534792136011390e-01
2.094681444547418503e-01
5.504764931584623655e-01
3.920197956454553601e-01
8.081924376512198416e-01
3.527160757340674357e-01
7.043854505515769748e-01
5.882798485499153296e-01
9.123583332517515299e-01
5.116613061531596340e-01
6.876881076269192317e-01
7.517891585206181171e-01
1.762120032720221052e-01
3.049640463487268693e-01
8.642285198827331927e-01
1.030912520201817451e+00
1.283810322662995329e+00
9.363842053261348664e-01
4.406571258896400112e-01
1.287244763067465492e-01
1.324726867178014134e+00
2.575114046081556363e-01
8.788881743648437883e-01
5.613365977288665709e-01
7.645776678097180312e-01
2.268683629244669486e+00
2.385508298594563925e+00
2.166418824761744411e+00
2.281600010501340758e+00
2.138082986516884887e+00
1.471053055619038430e+00
2.002487565782535839e+00
1.725918854887452225e+00
1.285810139438360089e+00
3.416752922619527566e-01
2.240390127324253022e+00
1.830931093056634484e+00
1.713379201023196075e+00
1.744986818736116607e+00
1.058317775597936938e+00
1.807300151144820788e+00
2.051455072292798665e+00
1.585964195070434624e+00
1.584104089605140375e+00
9.088630943568425380e-01
1.155525319841746779e+00
1.554196957101491305e+00
1.508798958705683368e+00
1.094028431274401747e+00
2.197353595150312255e+00
1.127081148203069372e+00
