12489576
12497538
12480190
12608284
12543072
12465250
12512182
12490888
12525182
12486158
12409284
12629832
12608006
12458772
12436750
12609606
12495864
12413202
12664000
12348806
12423228
12528602
12539722
12547268
12492122
12497408
12473148
12554020
12358088
12550632
12643264
12538662
12425340
12466822
12527836
12525190
12426018
12751200
12505974
12498794
12425960
12484150
12512738
12510718
12573540
12472304
12448234
12492436
12563656
12413520
12550426
12377166
12519428
12439178
12632326
12347946
12437028
12652982
12498344
12611438
12413068
12463580
12477058
12654796
12396784
12555590
12566412
12392274
12710142
12457426
12366422
12444000
12612156
12413132
12489040
12551008
12518054
12463660
12423178
12607488
12423116
12525476
12519366
595884
