4.357733200870870238e-01
4.354956952321329400e-01
4.361010529487130971e-01
4.316704795037928921e-01
4.339147538976097507e-01
4.366237339804656670e-01
4.349860000437973384e-01
4.357275479533560536e-01
4.345345241290705651e-01
4.358926100406546045e-01
4.385929115652442145e-01
4.309339981719471635e-01
4.316799976142143280e-01
4.368507586461972125e-01
4.376242989527006633e-01
4.316252228658056245e-01
4.355540361194711885e-01
4.384544777407151095e-01
4.297713202779532282e-01
4.407409104977436654e-01
4.381006289186675229e-01
4.344159068984712047e-01
4.340306746832186535e-01
4.337696461094159850e-01
4.356845058029372164e-01
4.355002253267237222e-01
4.363472637380715891e-01
4.335363493128097656e-01
4.404098757024549338e-01
4.336533809612137524e-01
4.304761808343162133e-01
4.340673669965742776e-01
4.380261626643616735e-01
4.365686780480221851e-01
4.344424687551784459e-01
4.345342465862793158e-01
4.380022626717585688e-01
4.268322981366459712e-01
4.352019282944295520e-01
4.354519324024381799e-01
4.380043071118850939e-01
4.359627207298855112e-01
4.349666715630104430e-01
4.350369019587844721e-01
4.328632986414327477e-01
4.363767913290118594e-01
4.372205728137822378e-01
4.356735547814693521e-01
4.332038381184585285e-01
4.384432457514065296e-01
4.336604988547799189e-01
4.397310337439119809e-01
4.347342386569099104e-01
4.375388791767430563e-01
4.308489188768561129e-01
4.407716068729163328e-01
4.376145169087019560e-01
4.301455577823472542e-01
4.354676107490720316e-01
4.315625228463241259e-01
4.384592108896849805e-01
4.366822373667919033e-01
4.362105233461285314e-01
4.300838986262599528e-01
4.390351562147085662e-01
4.334821382348419960e-01
4.331088301099788596e-01
4.391949371035533956e-01
4.282111088924104858e-01
4.368979594982141390e-01
4.401130739352093757e-01
4.373693346190935527e-01
4.315379543354839753e-01
4.384569502684737552e-01
4.357920224452800362e-01
4.336403896802551450e-01
4.347819557257062706e-01
4.366794344518383775e-01
4.381023921576266411e-01
4.316977339181286566e-01
4.381045785936475423e-01
4.345243246643880064e-01
4.347363916032169762e-01
9.133643460807808978e+00
