5442624
5442624
5442624
5442624
5442624
5442624
5442624
5442624
5442624
5442624
5442624
5442624
5442624
5442624
5442624
5442624
5442624
5442624
5442624
5442624
5442624
5442624
5442624
5442624
5442624
5442624
5442624
5442624
5442624
5442624
5442624
5442624
5442624
5442624
5442624
5442624
5442624
5442624
5442624
5442624
5442624
5442624
5442624
5442624
5442624
5442624
5442624
5442624
5442624
5442624
5442624
5442624
5442624
5442624
5442624
5442624
5442624
5442624
5442624
5442624
5442624
5442624
5442624
5442624
5442624
5442624
5442624
5442624
5442624
5442624
5442624
5442624
5442624
5442624
5442624
5442624
5442624
5442624
5442624
5442624
5442624
5442624
5442624
5442592
