1.103097577311451388e-01
9.415049734386113367e-02
1.343756345003346009e-01
1.121853077033208024e-01
9.258499442848830419e-02
1.071105078209243083e-01
4.610346082393274036e-02
1.705378581093235646e-01
6.188255760694631041e-02
6.966024243321689013e-02
1.299292772953438702e-01
8.149128777743981644e-02
7.104744986159219899e-02
1.005957775502052676e-01
1.427828055646952476e-01
5.956780318598725588e-02
8.832892606781572731e-02
1.733564829588451484e-01
1.123691056588418391e-01
8.510378066753888915e-02
5.921314466732292142e-02
6.078772240612557304e-02
6.793013935268631120e-02
9.316537242669428731e-02
6.702687506788515548e-02
1.078568610064619959e-01
7.542742383003461781e-02
6.942540219330795015e-02
7.187704184033186228e-02
4.040072228153366446e-02
8.671076469559882427e-02
1.361175917568109295e-01
9.843359516314811875e-02
2.142503717201075242e-01
8.118689415382231156e-02
2.271955241744735565e-01
1.002132666664070637e-01
4.684531760430402786e-02
3.789282564780107471e-02
6.847448637409223049e-02
6.867764654059170526e-02
1.226518909864055124e-01
