1.241863386919583867e-01
2.083594287670005596e-01
2.021280161873009740e-01
2.454297003871059313e-01
2.401158025515212346e-01
1.839684065851401595e-01
3.662824883335995541e-01
2.460053279621670919e-01
1.541137470720300995e-01
2.721518656666930824e-01
2.676473736139104997e-01
2.060101370205141835e-01
1.712255278829742933e-01
2.288185984754863844e-01
2.507276196886443764e-01
1.670900925218117561e-01
2.410330966713729595e-01
2.928467279649343280e-01
3.360911162827058263e-01
2.513660088571621487e-01
2.397403381304534786e-01
2.748359858161363301e-01
2.277168989667207877e-01
2.252721180838540282e-01
2.922761481937296568e-01
2.557991424710509554e-01
2.712890891912431712e-01
2.346441122409284041e-01
2.381588990305154585e-01
3.099493580772781365e-01
2.087959641565150792e-01
2.503505255150741404e-01
2.337263986581148700e-01
2.401802248590014788e-01
2.426025480065526208e-01
3.035039060852396386e-01
2.789278728817959907e-01
2.876135157018943067e-01
1.181473266166472441e-01
1.810061680848078780e-01
2.941611224980357209e-01
2.157130779681263044e-01
2.878487149739549777e-01
2.303791524078573627e-01
2.948357069554506382e-01
2.518079506659657296e-01
3.344789193729221233e-01
2.137726897517780722e-01
3.699870954318819627e-01
1.248439183422759141e-01
2.467096846228640228e-01
1.353990569322832405e-01
2.919871095828144303e-01
2.445835458749037183e-01
2.138893147324850419e-01
2.117503034749687318e-01
2.432933328317596344e-01
2.389973926083373557e-01
2.676899839058636821e-01
1.938871205949543597e-01
1.944514578516344794e-01
1.770083329505921788e-01
8.378080492194302231e-02
2.437754643009564792e-01
2.800465781289153133e-01
2.062531692882349221e-01
1.140648445527909921e-01
1.451591483741875022e-01
1.971338504532332281e-01
3.448062769809048245e-01
2.222867079743513219e-01
2.276180495052421981e-01
2.112951280412047883e-01
2.293756065998058813e-01
1.956157862751802534e-01
3.162149151676507119e-01
5.873350528152056216e-02
1.772818565171131178e-01
1.606733107788736736e-01
2.390561219169537455e-01
1.942752679387549364e-01
1.475118694218030824e-01
1.707830012627250260e-01
2.256337492722192140e-01
3.016191312706120384e-02
