2904064
2018752
2001888
1687232
1535712
1589632
1293216
1419712
1331008
1354336
1190336
1329664
1285952
1209088
1215872
973120
1240768
1177344
1117792
1036096
1113696
1139968
1089440
995072
1215936
1068384
1103744
1000064
916736
942176
877184
1053824
972608
1092576
862208
1064960
1031328
949120
995296
905664
933728
820576
959200
867360
929696
851616
858592
769152
896256
606496
848480
942528
859488
710592
837120
821952
776096
636864
838624
768256
742432
786208
616928
760832
759968
677632
424480
553088
614976
703040
617408
648960
560544
635264
524032
643744
515872
599168
448704
504352
464192
547200
458496
301504
14560
