1.382570802727617565e+00
1.158936892227463433e+00
1.284622807188813720e+00
1.208651119089184878e+00
9.594989946123501090e-01
9.950847027387046406e-01
1.063017184340019572e+00
1.066590212501621338e+00
1.061400357846771225e+00
9.402278966567635399e-01
8.983036965190214218e-01
9.111093297966144089e-01
9.356224588895656336e-01
1.052754942934407412e+00
1.098194083339188998e+00
1.195582332006094539e+00
1.150217893083814946e+00
1.010474461933306811e+00
5.787859073675287735e-01
1.575037752227236854e-01
5.321290634404505365e-02
2.008120992582878017e-01
2.536917791168273317e-01
4.305229484353113034e-01
1.001027059783204720e+00
5.811980267532266264e-01
1.017959391061343366e+00
1.166150222352356547e+00
1.094199347549108747e+00
1.150462575293859979e+00
1.107718041722113744e+00
9.203448128682254481e-01
1.018306405124881575e+00
7.093955438200105768e-01
1.009031456385884429e+00
8.479076674781476086e-01
4.425637852078433965e-01
5.825066427788907486e-01
3.160805701136375045e+00
