23384730
9688796
9904060
6874604
6395714
8640788
3530652
5771062
8636530
4976398
4447404
6454362
7510282
5284046
4849374
5823924
5147708
4020342
3325860
4121862
4645426
4147812
4784186
4417200
4160230
4176652
4068516
4262046
3849262
3039774
4201154
4209394
4161310
4548984
3553994
3508884
3697472
3299984
8424194
5003498
3174206
3804016
3332306
3764924
3153268
3382006
2566954
3597990
2422398
4858034
3439184
6961112
2943582
2905314
3913800
3881704
3189960
2664732
3132818
3962388
3818084
4441644
7363596
3121036
2713720
3285438
3721392
3810218
3119586
2038942
2777530
2851092
2652896
2769536
2678884
2035780
8783266
3379748
2792648
2109764
2389352
3709532
2684670
1336254
482728
